-606.7349414
101.3038362
-1492.656972
-530.1765836
-271.2893758
-1666.269516
-1001.241687
11.97123531
5.878589551
-389.807813
-776.0939267
-813.9646293
-211.093538
-176.1136317
-1057.865296
-297.8606967
-208.9306482
-417.3180985
-367.4425744
-502.0928702
-290.4481269
-983.550457
-235.144174
-334.2060396
-554.574248
-536.5068551
-518.3367056
-351.033182
-831.1393522
-505.3275536
-718.3219727
-662.4143189
-1147.239837
-586.8473244
-211.0446648
-191.4789504
-443.9407878
-262.5817341
86.43874901
-171.2857091
-12.49948668
-317.8743768
-505.7921388
-526.461175
-100.3803936
-116.438514
-303.2788683
-224.0371298
-206.9438272
-236.4433836
40.50937255
-247.2257248
-6.032215507
-203.7231276
-585.6367067
-574.312999
-400.3889613
-166.4295314
-304.0874772
-556.182896
-273.6776435
-281.885029
-88.99045675
-61.57747152
-308.60222
-114.3185407
-583.331674
-273.0878376
-267.6457333
-511.4256446
-276.1187576
-543.9254746
-248.7273627
-16.57115682
-245.8955465
-115.6718991
-255.5324414
-208.3756517
-406.4883995
-592.4572884
-13.13389299
-348.2525632
-254.9684358
-244.1220065
-470.1189048
-276.8882399
-356.1144569
-259.3138633
-300.5536219
-299.4985012
-169.148961
-8.473474258
-103.6416842
-155.4065523
-281.9087791
-126.2799454
-436.3108743
-197.1833442
-159.382617
-86.96404699
-535.5562399
-536.200068
-111.4211939
-338.9337531
-7.263225612
-172.0191274
-298.4475514
-7.908080895
-9.001660943
-139.2196825
-272.2372487
-159.4780515
-238.0789395
-298.6343193
-160.0319756
-250.7640245
-283.4213253
-280.6880633
-8.459488698
-300.8062372
-263.9840162
-154.817354
-218.6776199
-281.6473004
-277.0728738
-295.9030436
-496.0822043
-284.0612581
-578.6563984
-410.1042005
-11.91862604
-482.0831494
-222.7042474
-241.5663078
-274.6371786
-107.2709351
-587.3317109
-315.5340408
-9.661435875
-351.599476
-438.7322597
-257.6065004
-332.8796185
-372.8657735
-373.1604914
-556.5394744
-302.454383
-473.2520269
-18.89344292
-9.399470132
-499.3724625
