-4.629507162
-439.7177792
-444.0165771
-1541.674677
-356.3880864
-299.499232
59.87077027
5.757277698
-15.70629474
-486.6993891
-780.3374023
-547.0602278
-303.55647
-447.0760666
-1167.914385
-8.388195689
-566.8994857
-294.7485085
-236.578619
30.30208207
-117.7460301
-466.7985683
-288.6667713
-295.8518877
-8.471350821
73.80195959
-10.23083306
-382.9846523
-299.3713919
-507.8780754
-223.5772093
-234.7892786
-8.795545926
-579.2890916
-436.3589356
-157.3485566
-302.3576599
-63.50454514
-208.0965831
-618.1985904
-537.6233184
-12.31277033
-300.2141546
-155.7123127
-7.163266758
-778.9615158
-429.0176251
-512.8400593
-397.9749158
-540.3047684
-516.922725
-297.7825298
-522.3195929
-710.9203547
-534.4504268
-469.3715107
-190.4834017
-148.8100301
-483.0646261
-64.2220107
-300.6992353
-151.3460891
-541.0712483
-717.6817019
-127.43362
-427.1083185
-487.212687
-500.2443613
-586.9472882
-1047.029165
-176.7246686
-337.7406165
-16.34087749
-597.1811959
-273.9635105
-588.0077715
-562.055591
-303.4572368
-970.5756752
-301.1810622
-966.5814587
-348.5438621
-306.4795088
-961.9627822
-148.0908136
-155.8562701
-542.0310752
-220.7997728
-315.5072511
-468.9330299
-276.9135109
-734.8873589
49.43301399
-250.0850374
-408.2279206
-284.5902871
-350.0713552
-157.5428417
-182.5661309
-258.661639
-217.5858162
-293.1122922
-551.9556597
-291.5923059
-260.1738495
-205.5997837
-300.2141546
-275.1630066
-521.600021
-421.9255858
-270.6351351
-209.2876013
-544.6941296
-176.7246686
-346.8317507
-422.3547875
-378.9458343
-311.5147134
-516.1817696
-176.7246686
-294.0140912
-489.5582679
-578.6842307
-531.8108791
-280.1968896
-399.4983066
-524.8562993
-217.6592603
-6.062594775
-155.469049
-217.2629848
-258.669672
-285.2471281
-306.2391934
-282.4681846
-281.6277272
-300.2141546
-279.4324523
-494.9940829
-291.9808598
-276.1568762
-585.0671049
-284.8200509
-114.511632
-8.569434781
-7.894779371
-308.1765542
-8.517552348
-217.0661334
-597.1076326
-9.119624165
-423.969671
-214.9325864
-369.1040983
-9.332760077
-434.2261394
-269.2687938
