-657.4840427
-257.6034476
-1112.916987
-252.1192171
-731.8027364
-716.7969123
3.610615941
-621.3378546
-14.11291823
-425.8083226
-1057.611497
-298.2068677
-1465.283344
-492.3720806
-329.8801085
-663.4261284
-416.6652531
-306.3058294
-1033.920102
-641.3979798
-1373.220197
-442.6413872
-1018.681435
-136.6975003
-214.1022364
-1036.586558
-15.10597452
-309.683622
-445.6766628
-693.0611102
-574.7456153
-208.8141832
-1029.093828
-695.0851759
-627.8487037
-520.891132
-1098.831912
-115.0024685
-448.4834689
-1355.222145
-917.6336112
-291.4853009
-112.3843677
-247.0076593
-541.1561665
-1033.056942
-1371.309885
-673.6542624
-374.0961337
-627.6376002
-61.90467768
-488.3317163
-951.505687
-156.2588232
-8.238571424
-633.445923
-442.4394067
-1394.287785
-307.0712266
-288.1378524
-383.9172754
-212.0049199
-551.1642995
-19.59411303
-308.5070524
-119.9630754
-176.5069605
-453.7501933
-112.9053116
-5.59439623
-9.357145288
-223.0398467
-446.0415327
-8.213254506
-632.2018286
12.65188072
-12.62455341
-404.7633647
-266.7340449
-246.2847184
-226.3346331
-536.5902339
-12.20246495
-327.0991175
-18.22558249
-320.3468681
-314.3626967
-210.6944672
-842.3112108
-9.846527543
-509.7030777
-248.1034486
-1127.888947
-282.5822084
-292.2344672
-246.6651656
-155.5622398
-10.958884
-317.6426452
-5.315844351
-448.0008528
-344.5606808
-161.5406246
-196.8883386
-115.2943326
-287.561056
-196.8506011
-244.4136105
-287.3427226
-143.1679299
-153.3556366
-249.2046388
-530.413942
-590.4509147
-253.1279247
-195.3122876
-1077.87871
-8.320599189
-248.8875783
-283.5326252
-168.7140807
-437.0520452
14.26149487
-243.9852358
-244.7680795
-287.8988674
-468.0805734
-276.2624827
-572.4880848
-301.8946656
-159.5544643
-600.1055266
-281.6974787
-284.3678688
-202.1402337
-234.4278003
-291.741797
-208.4824308
