-1301.902082
-148.5249398
114.7614579
21.54594321
0.6584812081
5.768758404
-975.6947631
-541.4630095
-493.9385425
-941.3257163
-369.6667909
-655.6469263
-282.7988901
-472.3154199
-1033.764668
-280.2820326
-552.9033268
-53.14568475
-149.7984387
-488.4970413
-214.4363178
-281.5266105
-146.473014
-17.66463981
-509.6586658
-237.2036683
-150.9892265
-299.2207272
-281.7135423
-222.5691178
-572.2440488
-338.6837194
-193.4699738
-370.8581662
-510.1730631
-279.4324523
-299.9804108
-291.2542166
-1034.889751
-157.6370478
-494.98327
-864.2700231
-297.5630231
-494.5905321
-290.8260385
-100.3127418
-386.3457724
-569.0632366
-195.2787713
-516.2144256
-1014.230594
-339.5840227
47.3630743
-255.544123
-156.2877444
-177.6902758
-111.8615327
-14.25809511
-295.1856525
-299.5993694
-1045.078493
-59.42221173
-13.52193591
-12.85480108
-191.2962714
-563.5722882
-9.421411639
-475.595866
52.90386971
-186.0408787
-9.097278813
-551.244467
-114.0771838
-513.1335667
-290.3663584
-501.0682073
-170.6278061
-357.5683677
-572.269566
-211.163365
-278.7221975
-114.5116357
-538.6689462
-535.7176924
-243.9813681
-293.9591289
-160.4877338
-575.1298705
-115.5449157
-267.4036194
-535.678399
-8.656212073
-298.0208878
-556.8895609
-272.5272806
-248.0770455
-351.7784811
-472.5609476
-292.0697413
-463.6687244
-291.3537088
-155.1728258
-253.065478
-599.5716373
-300.9469154
-119.1824812
-251.6974408
-13.61927646
-504.3049662
-207.3633762
-271.9156371
-339.6596328
-7.249297819
-365.2276025
-284.6806611
-272.8302038
-447.3414384
-191.3727909
-16.71908856
-282.3138509
-300.9469154
-357.919694
-289.8708694
-154.8384231
-202.7895008
-295.5826704
-308.1768846
-8.871687123
-284.71932
-253.0792253
-132.3352719
-291.3537088
-493.3408709
-427.5578291
-344.5405757
-469.9927258
-300.9469154
-190.1063462
-175.3866327
-294.3585579
-292.050482
-563.9361989
-568.9478299
-538.4268196
-296.3013008
-461.9469971
-596.5716633
-312.3688342
-283.9515368
-240.0631817
-427.8703815
-300.9469154
-284.0620118
-513.7198499
-278.5985439
-247.5546796
-234.5402799
-412.1086706
-180.0801121
-597.5187351
