-1419.406634
-1277.675546
-19.00693996
7.069767607
-974.7429052
-511.5772908
-474.8297462
-1005.470769
-4.249049002
45.23831705
-274.1906759
-370.1777458
-429.5521339
-335.1757256
-1037.725928
-1851.606692
-356.4198883
-467.5090967
-914.3337551
-619.5165984
-613.87283
-221.0778568
-1378.504372
65.41489509
-217.8484505
-738.4531365
22.07835413
-792.6341597
-319.1176468
-958.5804562
-113.9236558
-144.2199582
-550.3813489
-480.48081
-1110.143417
-260.1212528
-206.6697838
-562.3016564
-641.7743731
-499.8743142
-514.6705085
-274.5447618
-669.6305334
-922.2646636
-117.1577108
-180.3831598
-793.5156195
-174.4230017
-522.788537
-13.72192966
-200.7068679
-209.6666366
-222.0799555
-290.8071272
-939.4233835
-72.42674249
-260.2957362
-287.7166075
-671.7480405
-312.0033342
65.38600287
-403.5147996
-282.7890559
-240.0531222
-848.7019267
-192.4020953
-59.32304455
-424.6869246
-57.43572158
-360.3593169
-218.7278521
-315.1940393
-287.6387154
-824.1472767
-740.6344221
-299.9886688
-255.9963382
-275.9380726
-477.0704993
-288.4355059
-166.0507576
-457.8023308
-118.3388747
-547.1178959
-165.705256
-293.6026036
-348.9015539
-271.2237819
-116.413862
-72.18645594
-8.527448647
-155.9596311
-177.2949864
-59.7019847
-174.9989139
-517.9253336
79.81802613
-8.060815443
-286.5291926
-290.9204047
-65.37359157
-291.877608
-297.7904758
-291.9898559
-111.9399147
-279.4241016
-308.8229446
-306.3990951
-314.9579768
-283.4404367
-551.6583034
-394.1598819
-263.8253222
-505.8504528
-283.8430941
-157.7626785
-284.7172585
-264.0572621
-563.7575677
-278.9768484
-527.4698351
-276.8216103
-108.3618982
-262.0089679
-517.1601305
-255.972113
-235.4223563
-280.8885455
-155.7944468
-296.5053015
-426.6714908
-245.6358201
-291.4769672
-291.578202
-458.3229264
-272.47506
-584.3255415
-213.1233013
-283.7571469
-283.2927531
-300.4740372
-6.638755254
-301.1226892
-508.9238145
-300.4214529
-292.3922314
