-291.8399553
-141.6977811
-601.568707
-225.03057
-230.0816981
71.56356739
-7.925252072
-239.2344387
-268.5344263
-125.9749706
32.7316903
94.09573202
-571.3137779
-558.89295
-498.8610685
-259.5283947
-504.5547862
-241.6672259
-158.1719223
-293.4143086
-153.324306
-531.0533534
-280.5223506
-299.0039437
-250.1289298
-564.2183497
-163.6231889
-474.4800401
-285.3514285
-301.1440977
-156.0482883
-541.4448032
-277.5796019
-284.1865564
-301.0330929
-585.3186474
-284.4942553
-287.089562
-194.8172011
-59.26165832
-301.2314598
-282.1222294
-253.5034761
-363.9945473
-8.622188933
-211.9126673
-118.2259323
-482.5129492
-584.1385464
-141.4976182
-300.13448
-502.4527995
-61.55247333
-299.4725414
-283.7541076
-543.2997323
-279.6666331
-282.2942909
-599.7802796
-157.6080974
-383.0702921
-270.4206943
-295.4331745
-505.9382465
-293.4570946
-293.9062865
-290.085637
-259.4745947
-262.7471914
-281.8783484
-159.1112506
-220.7657382
-311.4588167
-257.6743935
-209.288282
-284.1214309
-255.5509194
-273.2467822
-351.5172541
-546.9977115
-533.8958099
-213.7948217
-338.8540989
-299.0258135
-114.398848
-312.3906222
-191.9792088
-216.4848772
-114.7809538
-418.4073096
-234.3627606
-218.0267265
-173.3809232
-273.8182368
-237.0171347
-207.4204452
-158.395966
-255.570698
-140.1379519
-14.77599231
-301.0293156
-112.7974999
-606.8694762
-282.3452943
-559.861014
-267.3368828
-421.2553994
-309.8720629
-560.6768717
-501.2345461
-301.7362714
-126.482337
-237.0605422
-15.13839095
-265.9034346
-356.2831037
-479.9346419
-6.236667347
-138.8531431
-496.6749034
-276.0900062
-210.149176
-231.4833502
-253.9921569
-295.9364494
-11.33636196
-4.830591203
-289.8998097
-69.76248908
-7.433048169
-289.6123876
-85.44639208
-300.764
-385.5641471
-207.9191589
-291.4555628
-300.5931594
-499.8407446
-137.4821859
-574.7550385
-299.4317375
-581.3488757
-291.222317
-219.9048213
-21.44449776
-291.7504335
-372.8809665
-103.6929197
-291.0557176
-68.14160181
-235.993599
-493.3109696
-279.2776726
