-.046570427344523074 -.19798494473265502
-.01206007473247889 -.008883044159156547
-.07811680076853561 .01003959433595776
.059644797230597894 -.24456682823875253
-.09766436523591396 .011449766085903344
-.001594950566814517 .18233380088400025
-.19723591824334816 .03775245877142218
-.10863846642032945 -.08150726686007465
-.26014166599367866 -.12008051676906356
-.08060801327880421 .2144030035842413
-.0325233585550232 .07373221303741516
-.10536288462793394 -.29389998365431586
.12645534983951476 .0009596451519078204
.09636791621600728 .1495966275199976
.0494734054011816 -.029892867090179673
.013629391337346327 .2768319446044098
.03066467159886529 -.1687199792348711
.09463881450306197 -.02090499167393095
-.09933823283833366 -.07986825334351351
.3181229400591222 .029856619385500632
-.14514392444017146 -.0007696508736750379
.04420470964944555 -.14807193894276216
-.031219864489012865 .2595730031690996
-.03998896365852702 .11423043151152251
-.041623665985308755 .17227993658358157
-.01822910215919506 -.0721620858769628
.16410799455062086 -.21879349535349432
-.115477224907157 .16586720125448334
-.002103536948683125 .10052115684389006
.10341139400594516 .10063457081637942
-.02557801126267705 .07611248642370948
-.006112742961178127 .16841035917040562
.02183694423078418 -.07965462558555535
.10550341968503925 .17259767510088697
-.013119337679136825 .11659844296447874
-.1077928590021528 .1359838089275096
-.12949991948111306 .0823570386103609
.012807862991095464 -.08839348166231689
.13386885120519554 -.01613587227553869
-.1339133184480225 .019777925891699782
.029768562498741227 -.08759866519360188
.0731938271620468 -.03934068188980463
.054436730414663084 .09703182375667142
-.3140008501955522 .20733336010496908
.0019055842314960384 .29902421406884155
.05317651691853525 -.08716974781575415
.15257540202089648 -.21992678925624082
.04452137163210598 .07105257521171678
-.18431799959945738 -.04933920650671783
.07673678699632283 .08338361053155481
.013231238590679201 -.04732005524983667
-.06236113039185255 .06239589218754153
.026042912278658015 .10794132533906382
.13672604321057044 -.010862851909550511
.01625916189879704 -.1144597635575104
-.05313256359908192 .13206700379319364
-.046211516434351944 -.10825059501825908
-.024715714829888578 .0406446133804579
.02217500437131115 -.1286840263540528
-.14669796880177824 .02486004685832348
-.01765788806042323 .17181245323692618
-.2967051181944106 .028602926894777732
.015900626037757267 -.26754947172602933
.20823444617844986 -.03162613959331383
-.29593572857382844 .05572989935900647
-.05679137102951811 .024448099825357388
.12950751776957548 .18468420341284947
.060867553270085854 -.03043806107470541
-.006546429837493135 -.07993911483615375
.0023054386486757858 -.07664715619555196
.08697861021469797 -.02431440808088188
.08199722670666625 -.04553366829430686
.0022148327280915184 -.029431246839224
.009257736018021679 .15369661719819086
.15325285839550096 -.06997930387927243
.020196634166102595 -.006960576782516488
-.08480316111050039 -.010461166666773486
.0990826412743466 -.013908085816330757
.06536661311849185 -.07366681820445274
.005199588603965963 .13121731127045724
-.1978395599450345 -.044132819186353194
.15145199836527115 -.029464056590838113
-.025613501266794646 -.0032367044891811036
-.061186853031614356 -.15446184342010452
-.015146978769354558 .04989741433891537
.1669378092142313 .02433691753643489
-.03174026624981854 -.08510293209797863
.06638109063565838 .14995600106467316
.005361535367707604 -.012506041894199996
.039315953489735794 -.2817573228129843
-.005537236992216236 -.1031181348066917
-.06818142462559006 .12867969849497987
.12327292539492678 .2217183604718774
-.25318133180074465 -.03417011613477309
.024502590716916003 -.05153589600083806
-.05455947805548535 -.09166853543845531
-.09388477274631725 .16677787289249976
.10827816666664174 -.051165084309064836
-.08221151482133135 .09233188842323446
.10908346063567881 -.1529350637683617
.0035333466677882003 1.3392069515245022
-.014834080080070656 1.1244133182623783
-.006665966521301403 1.3396810819033242
.04109776681286174 1.2583764426125321
.016218360655858383 1.284728416423644
-.08740953960366346 1.2932055071284814
.059219632050719485 1.2865960948436603
.08032387023831554 1.2430495508391874
-.02084605308273491 1.4067497218923053
.052371723660207835 1.3753973616170996
.017439818368492132 1.319388396644814
-.06676812638474336 1.2672333169696295
-.07386962258486156 1.5533658005582784
.008788464703478105 1.1714358874159922
.08042052111882919 1.2681019731414742
-.05703910994879746 1.1650640415103213
.08052828855417694 1.3331610873009714
.005742416003961788 1.3028989998264346
-.002712940786658883 1.0781125386913921
.019831097027167368 1.1117540273234818
.004007758478439868 1.3023230777949046
-.021179591666032904 1.2109034545883355
-.008668577288380611 1.3828026847978694
-.028873711797259543 1.2682457710842998
-.13291154181482523 1.3717688124992982
.024135291016456208 1.115036507106727
.0003932355891547702 1.3237748126192759
.03715539395298514 1.2490889775460305
.08720911576079937 1.2010269064874102
-.014747916345886555 1.3101528550483779
.05108595900279477 1.3404521881982059
-.07405143663023007 1.4324425502442921
-.07713304434345698 1.1481632617809634
-.034676241538838914 1.1240673895076119
-.06625826017316187 1.369913640381954
-.05608543643856519 1.0851652710604778
.0025819426354094675 1.1171293928371278
-.07951540240403997 1.0654165567997678
-.03547246046876432 1.0912112156291152
.06952217795008554 1.3320303148116568
-.04361177883770604 1.4940710725367545
.034342446596947344 1.3160594414885713
-.011264718950695968 1.2441186467386616
.05960784274780002 1.0840365649072208
.11321159661979517 1.3087468730454532
-.01608665368844154 1.3406665682310779
-.07638177488049928 1.0175005565675075
.00821856081300508 1.460824533839965
.029897230227556533 1.2753242276884984
-.018906409031102994 1.3818195944442204
-.08308182261049603 1.3748680144097145
-.040163574401850796 1.5650734818588838
.008430512706845875 1.4305805544238122
.06897403564544101 1.5280816392090129
-.04260795060184198 1.1253141003008185
.11554071741009453 1.2874486267629515
.05616521398253562 1.3941380217695571
-.08495346860542564 1.230337954625813
.11095031364057499 1.3105903627810056
.06264377304295933 1.0434004935917025
-.02767676125798695 1.3169846598491763
.08783306679136521 1.4192667028022212
-.05849042649253373 1.5205350496530396
.0629693135117983 1.34321178512477
.045345355069846244 1.0290644167690208
-.13154000789988796 1.1296598725333702
-.06493859622560116 1.2982561751440949
-.07880832845809403 1.1983126860743802
-.03769985888651075 1.1794836887247067
.16409317553461295 1.371609346057988
-.03252529640581029 1.2109073495115201
-.020234066613085393 1.1803564358434664
-.0729579673514386 1.2603605229727957
-.004313629079738699 1.2548546336350084
-.044990953916475306 1.3614328464335081
-.11138093179605837 1.4239567105449433
-.14566494283978335 .9662523867900417
.11967816561810576 1.4182979989796185
-.02201033157011758 1.3891809138298492
-.10421497612350344 1.3580947433008836
.05905960923066054 1.3067324613666804
.06079091025113675 1.2013861942940416
-.03493607190992568 1.3406254284952348
-.027509971979212882 1.3725918469804992
.11528910497114012 1.3135070477218387
.022578303380346332 1.2616703512750183
.062230457725671505 1.2165459138117258
-.02431456565329317 1.3932714080064335
.04084971926586897 1.2730988047366898
.055335057833372135 1.2819710739269854
-.06181265461884254 1.2658616510869156
.03100143436823186 1.1096118731716151
.08645331063195691 1.4121119412948258
.020975796567652874 1.0209153458186875
-.03171606399589241 1.4272110356736307
-.09193133299839794 1.2593073214277877
-.15526878683550818 1.1900855557122463
.10465944504998297 1.1830528248006797
.009809042744479768 1.1654154991395214
.09920162693489601 1.4716517865130267
.6887629800892678 1.1792232246037995
.658368077177561 .8762599181907595
.7054032778098628 1.0797808347205458
.49794243979233777 .7971707047195279
.6790683409110416 1.3206264451327985
.5826787632885821 .8280780959753503
.6433740956958086 .9966350743945332
.5516438830036622 .8942393616278597
.6422360695589745 1.1155928305618787
.48777961393936536 1.0122929060067642
.5775525902491774 1.0637759262778639
.689640136483969 1.1434734198214676
.3387660928859571 .9834468744510293
.6784287167343105 1.0966578073917455
.721855449370156 1.1775873742844627
.49495674796390715 1.0423198387491281
.5078735995645213 .8674033587735678
.6163753813610512 1.160752874315393
.6548423755931396 1.0099504093705476
.6274573060219043 .8622235561055029
.5625334942171167 1.2993539727508194
.4871779289898424 1.224393448441534
.6739973729504368 .9872138267136956
.6155679020016219 1.0718340730346014
.6259485421925368 1.126969200383976
.5601542023888894 1.0195911209751607
.7153010837573768 .8685889539844476
.7063343628551 1.1759286850366861
.5334489486112156 1.1940806879467267
.4988580803706141 1.0383100183010814
.40736095603915057 .6836840605445258
.6520219877543684 1.1194517555544508
.6802340544709026 1.2706260077039881
.6350168256130948 1.1492380769482018
.6666975908396651 1.0722825628402004
.5766322358294409 1.0607142585148632
.38519153486479807 .9300496629956878
.5989446553559039 .9841232348238805
.6050913577335112 1.1162284436648353
.7687590323450967 1.2191331663486775
.6458182440946791 1.2787137558222728
.5336792388508271 .8269764056070192
.6324558557504371 1.002087906431677
.30851213827912893 1.1571324943195413
.5668730129318174 .8593245697122901
.5002224594417537 1.1262298975608842
.6569076545491775 .9245877865530838
.6380079538918366 .9750156029189943
.49775043972548527 .9402029396007545
.5425044297434132 1.2389447908889173
.5601545249807603 .8949580696029552
.5553728087403474 1.0197791311715727
.4739041973320679 .8875440864540944
.7004809662715703 .8872247202505039
.5670163274842335 1.1005083896354604
.6546200335504438 .8810374292781457
.5108821745926062 .9990939430737895
.5605073496325298 .9757122987544515
.5560429819479056 1.174613357645887
.6127759959422265 1.0478718318753206
.4377262023568228 .7351684467005429
.5436591985167604 .8336427409394659
.6670995794932454 1.1342041112577959
.6307921597614038 .9232272005401663
.532378557229613 1.1493104745133271
.5160896232572432 .8381187852321188
.6699068271968138 1.0086753771125065
.5357020310814136 1.123779720780472
.7756796914865028 1.2737792504097656
.6411529987133463 .9399999052702576
.47517993895819854 .8944266124652327
.6520992769291393 .7182677128255676
.6717963282713798 .8161914482024282
.4571060996376485 1.0446531865729398
.5815446980057246 1.1341666886501354
.5880229481265903 .9346521257029354
.617356458856223 .8802357725230425
.6047577985798748 1.0948964708934679
.6906329908660734 1.2107392549842098
.584683723365263 1.020485711794714
.592546663344913 .9878076376492718
.6538966292185812 1.002735858339768
.5753173132334122 1.1389513716072523
.5520759157537143 .7678892545332129
.518499925158195 1.0053308574480229
.6155205626213577 .9204657190052052
.7828328986562123 1.1149630368585157
.47687231004034997 .843761095742408
.5859576642579495 1.0515611765519128
.5422048254833559 1.0165691003302582
.6416980237780312 .9174483867000294
.7536520185728169 .8811233474646931
.8554081224062347 1.0484435150440976
.6185823386282885 1.0135978898510871
.5764737844648945 .955136065437183
.5329339665496218 .8115933565697814
.5222055387355793 .7474050593440423
.7761449247763456 1.1353444680569797
.4331196458229627 1.1235491356677236
.6606309984405261 1.1169284453353099
1.038536012654944 .4867933576365424
.9846499662729872 .6163094574267435
.9695362325436124 .5152019615158253
1.1694742541227687 .7028355390412141
1.1457723481682915 .7271612342628769
1.2685514816117862 .6743895976076362
1.1477069641911266 .632928354517105
1.1171323799076793 .4484875066069106
1.0649574401609867 .6529318337770873
.8560660181693472 .5170565640997542
1.1064836907576652 .6253402281903816
1.1015521043824539 .5742833228249712
.9165918424872795 .5355022325850289
.9742249081265495 .6632664378686565
1.0877876611420676 .6453296296478293
1.0916882826113716 .5815430536496053
.8242249223506595 .6509579643171475
1.1728906008545883 .7400703457664718
1.059897843963529 .7789223065283577
.7383539556456575 .5886779171305409
.8871971316892093 .5764847259098875
1.1151284459678446 .5807575096214034
.8342789385546108 .6842377744995429
1.1683824257914108 .7410265251416096
.9995754557032079 .5843847935486869
1.012081695390433 .7182936451204459
.9077888884382537 .6766625148870807
1.0760049374048124 .5292388523362688
.9939478030235016 .591129100621181
.7978771913274325 .6357292603455506
.8286703111115967 .7515387817552198
1.0760020777269823 .6572970482931251
.9226231280334092 .6454936524839583
.7430184752224723 .4040251157679106
1.0465138633191675 .6956667455116345
1.1079656080659532 .5468011620091116
.8724632463514244 .6622083479674039
1.1102653440207086 .6971296635382149
.7260013550441242 .5864784879355663
.9020770659368991 .4558996107535663
1.101549997802819 .585726045304565
.9771944100286275 .40315369543591073
1.1285015966051772 .66124818349242
.9832070669016977 .5803371538494437
.729387780837691 .6105260056351473
.9592856754716067 .5723638960654749
1.1556305441934265 .7069868601780944
.9673369478278808 .7653261026588847
1.1830184359922906 .665354735330815
1.007138656566323 .6219353363244075
1.1306182482004743 .6059052798605076
1.1950958278784818 .7064312512468235
.7586811575805311 .5977978170925906
.9405412635852229 .650262958548789
1.0702558372026902 .68652276732013
1.0201913107384804 .6127378228775872
.8994873933050423 .6013393818743628
.7698280070802962 .6613495942591494
1.1263175811825692 .674347386489164
1.0762460348585183 .7952555946136656
1.0475315197473345 .5089082239436886
.9015040673415681 .6402535426844719
.9426716065157605 .6098819384850624
1.013889382357347 .5337096712735031
.8327628769845861 .468526656256553
1.1547805770989803 .48617824912759194
1.1705590602927232 .6558432018664695
.8595347585991945 .5766300857788047
1.2386423048889104 .6214277962656758
1.017983463380204 .6108750621844548
1.1775856629091113 .7423332445764028
.941792517209173 .6674618112137258
1.0121643227372683 .5571967163146587
1.0771346593962308 .5164892197923454
1.172259271332691 .6335680923660914
1.200673122832067 .6910027768204142
1.0634738612425239 .690663176582128
.8556258559158021 .4672021851487237
1.0019165814303101 .6126010661206932
1.028651317138372 .6713363755450177
1.1139739059383582 .6173236598325331
1.183138046344304 .508478387940972
.9654591708162382 .6852252751119982
.9472995014172596 .5421933645781828
.8794515508029952 .5675001624885699
.9253268181675036 .7574700265966654
.9037949278711421 .5811095180470877
1.0234780492935156 .5022913590594913
1.1282558190121599 .4601398325216531
1.2041974693286746 .6903091316958316
1.0390615529279859 .4915322636016072
.6280210558761702 .5979424191786106
.77776049757688 .3304654207056428
.9492744073201349 .44144031308420073
.89533504892961 .7445961770541514
.769405145649501 .41030245995503817
1.1881560811720993 .6016515533495568
.8862300025010689 .5283208209075524
1.1247999829269997 .6646580014175005
1.1961837416432624 .5488860567185281
1.169544269321261 -.09702846880193723
1.1482869266378988 -.01034927995190608
1.3335332516591218 .05777386412242972
1.4468112403178344 -.16992035972324512
1.1392063815395403 -.11016549023539712
1.093259871925733 .05427368843225585
1.327926804994869 -.052965850852050494
1.3684928085430141 -.05510362758950075
1.2468504446271904 .0676144700438113
1.366162862118865 .012967639724453358
1.3572055422241474 -.07160193896555234
1.1063743137567226 .11644452212370028
1.3767601066007475 -.11442835416367694
1.3000065269126997 .1156375891267411
1.3348625229395887 .0536091828116605
1.4521506033251053 .05393778783360293
1.327025605682361 -.11702741933331631
1.3519500685203845 .22099864434081767
1.2117817822875163 -.08809540643695667
1.3267339519649701 -.06933237067492283
1.4600662239159141 -.05396441636561323
1.1736463212098975 .08523978076629296
1.3511292987239196 .03559220962185629
1.4169048213666053 .0726280934251496
1.1014768623924225 -.04247556838116395
1.552584562561049 .07049837390753812
1.1849288585701085 .17116183085027603
1.135380269561487 -.016992500300034775
1.1283642984576416 .07193822757333498
1.3456132940989594 -.04107457088755615
1.0899244475950656 -.06306231229209242
1.4627952661774222 .014373485708317046
1.4272533849985678 -.06277436068135576
1.3456428525839035 .002390580720140863
1.2444249377884047 .07604559654007208
1.4503311701378647 -.05782919917730538
1.1763839970247845 .003210080714468179
1.4279290069952242 -.004408734316756323
1.288392368844414 .10294502735531544
1.451872491306978 -.0272463702916624
1.5261118535882923 .06668962583872547
1.1899105808282902 -.07132002373723438
1.067227335346696 -.015161741670552427
1.3087402540780713 -.07495326206443166
1.3472462911083218 -.016497826513460528
1.3619811333464151 -.015274615064527165
1.7567272521717152 .004828069704193389
1.3448552178917945 -.09608594195546764
1.1981462125141293 -.06324270878029306
1.4288890215445962 -.09039391638276886
1.4334309734894184 -.06340674417968675
1.218060491009476 -.09939719323378839
1.2334778240168565 -.04774320392542265
1.2738035388592028 .04528663996741833
1.2074707898114538 .033397452159399495
1.2722026160457567 -.04272533876934645
1.3186429089196292 .02315192674385343
1.3658952265876638 .019539886547992998
1.4723954173783362 -.04847953101431285
1.202836162627263 .024181323962260352
1.309707836262695 -.005632214021039229
1.5355347433449071 -.06455484999499755
1.2609133011290412 -.0055210872980677944
1.5539717939181947 .06284437207625206
1.268626971931519 -.06535593275216794
1.342736843664412 -.04256996216288987
1.2439445745491104 .08980541477933086
1.3259001365274448 .0717984321308589
1.5551531454090035 .06202698371635206
1.241195638549782 .05997009804354256
1.1521580945365555 .041396969620370795
1.5381915323280912 -.16837333958395295
1.2940688982026107 -.17024776445459647
1.2079402078492862 -.0013587724946409864
1.390277298302008 .0862021391870564
1.2522298106864238 -.0010729446408987372
1.1076897686327252 -.00997215921679755
1.5037612307208825 .13737641286151547
1.215096822889922 -.009763913504417632
.987502590990506 -.04364765175033491
1.4827626982925224 -.07634253247419703
1.2633839429448135 .02298641042637963
1.2867600933287417 -.0035048091755075996
1.1411285665430342 -.03172463379779736
1.2271653201893746 .027236612730033482
1.299533207446289 -.025732240779739683
1.4353288221273264 .11827269122512943
1.414102870756162 .039731304521842876
1.2415195720036851 -.03158502107846918
1.3418750847507486 .04503046343140901
1.5773652736762565 .002290031520691939
1.3722704676699338 .10049742804181246
1.1050561443413942 -.01898761637371552
1.281317198625378 -.08635419216002083
1.2591945931757775 .07766611363606059
1.053641684785603 -.06546261449258862
1.46127996993921 -.05729871539560799
1.1049235061333509 -.08126955445744813
1.4616098442977465 .13907101612120096
1.2490025739669854 .06814995555077442
1.1045335699060213 -.6432223559219155
1.0032737111679422 -.6669440441630536
.7966567339590868 -.5729724462600633
1.1954781255408946 -.5226008137990781
1.0342323486179246 -.44652480989984383
.8886984562153872 -.6144180448395477
1.0222821127621224 -.6515984331916606
.837304283879763 -.5034564378637131
.9515069161630725 -.6759727022238016
1.0648159876482624 -.6030303641124096
1.1010382806980683 -.671682024571002
1.1700602527214377 -.558044929058116
1.2301148011678549 -.676304239839344
1.0312298234816322 -.5387207150292554
.9078951453746745 -.5899942130711957
.978447711238773 -.6048182304600795
.9331000832139168 -.666814610082306
1.1404361364079623 -.5292101407793927
1.194498529765618 -.6634392549008091
.8906881899462672 -.5115038315161707
.9138020484852061 -.6069409452588584
.7776362632789937 -.4532811251324832
.928654240927445 -.5405744029239524
1.0439771297655471 -.5177694490356093
.8858259109722043 -.5008792894122706
.7508213452049688 -.5762226355475034
.9839235319593969 -.6680938286897808
1.0213032989908886 -.4313989815284778
1.0794104843453 -.6603949516022047
.9852657129250635 -.7001249202771673
.9848177249620997 -.6369710949406078
.8505414373731752 -.4127019910608005
.9313521446595169 -.5145013336939744
1.1992573296482298 -.6066450763150525
.8669423543160705 -.7405878914320347
.9976745827455782 -.6516473075269517
1.1280328325408568 -.6635747524805581
1.1197572772359476 -.7799064506278293
1.2404742633965815 -.5328444722808074
.8759207724642001 -.3923057775649222
1.1027722738825538 -.6910578205531822
.8224713849323922 -.5543757893094816
.9963245013788945 -.5167081721072059
.8536893222594917 -.4052617871595233
1.0578341548092136 -.646179678495454
1.0691785847683843 -.5978989636062886
1.0351025427672376 -.5549667751038952
.924250707339682 -.7241286546389286
.9953697671325293 -.43011602803715715
.9435350447258986 -.4309126529751125
.8511685675804725 -.7286924460183124
.9068416541002827 -.4906314817595647
1.1205029760205032 -.7305016794141332
.9065805912977923 -.4960437699087417
.9790974662786135 -.5850243267103236
.8045999471105048 -.6391154054307032
1.0773544011125524 -.6963387348540914
.9111634820136761 -.34419704428271564
.8669268491037915 -.4742782850718117
.9566890927145544 -.501505225937451
.8874416623722597 -.5764711708070032
.9908737197771285 -.5328709049154213
.9892305874077184 -.6219726992215505
1.0291137020127432 -.7168138927732901
.9932577301272235 -.4758018091047217
.9857374856720554 -.6942504207905751
.9656458586396581 -.5825452213911684
1.256462081879571 -.7803458651538251
.8963930000563927 -.6446088940948879
.9658631466934408 -.5570305762863748
.8356922777868356 -.2762414234139945
1.1781974575639793 -.6686106340911904
.9527845120634767 -.48805808274106727
1.0123996475475736 -.5485589962385058
1.068266754864494 -.44969534840821423
.8829299824340606 -.6269996189674987
1.0006113046686949 -.5443605988585632
1.0703323768049753 -.7308271395519367
1.030411312452934 -.46286824328263826
.7163732860247715 -.45151979768515915
.9918733677808025 -.6056641971613574
.9676576750408996 -.7800555799363728
1.1654276336047626 -.5510859902693404
.8902141753754035 -.5460231346225543
.9833665098987473 -.768909042857268
1.053358328462088 -.6394051249178442
.7882911917545875 -.6319247878809188
1.070935501184215 -.6655662766889752
1.0347462368528821 -.6133050107074053
.7495671116908118 -.7244646531573531
.8850340704379327 -.681760006176576
.9855231751923407 -.7658239849944493
.8476426383277458 -.5551620185481557
.8409146974984228 -.6800272792098361
.8615944561496263 -.6724609297084673
.9977517020082726 -.48610127067095077
.7491797512079805 -.5113496659136827
.7889220098278633 -.5443959697975196
1.0841486743514437 -.4875014518972555
.9942811078870288 -.5144071855811271
.5735654208223713 -1.2630960469880097
.566352882903626 -.9091394520343268
.5971390300543193 -1.1659316583626302
.6123439162634107 -1.0597160144424946
.5101713195577287 -1.0777316506775954
.590828597716246 -1.3007456629579215
.6392168762160962 -.9683099045400949
.7220594596007783 -1.0050063196339933
.7810480087548376 -.8681808638372979
.44237259913558624 -.9851015377455639
.6498105190430974 -1.277854709571642
.5339659238041329 -1.028620169391573
.7751511789172145 -.9845590840170768
.6164263776503582 -1.0155387151753856
.79343799907609 -1.0987136316049648
.6007252228886903 -.8235333289781451
.5847517438374681 -.9592636839891875
.5879073901846518 -1.1129092082340137
.5737749227646118 -.9389438714948024
.6954150132661874 -.8318690850222221
.46550916686360766 -1.0367664249656727
.787475334524494 -.8522193055116345
.6628192065753225 -1.0040641198098028
.5708889742442853 -1.2247869224338221
.6004083718256353 -.8397052118931924
.615920806245062 -1.0756020703738964
.40562921922140627 -.9833180585394778
.6159771734500531 -.9035418563251585
.7986720086352601 -1.0002653380965587
.5512578310820628 -1.0937048698439278
.5368656282949656 -.8240104784974348
.41957539843540925 -.9167251276690324
.7331602983127603 -.9370142524492058
.5246822834792486 -1.175099987038576
.7305151609042215 -1.0577547320763203
.5741873015335301 -1.0437231616298286
.7555519986971744 -.9049604835017133
.7176741508161552 -1.0463683975092568
.44967109116185444 -1.0111019686668943
.5430654157294311 -1.032620220554919
.5160195921483989 -1.0067556275137022
.7175083657157856 -1.1029316490306689
.6722159600772035 -1.0169087815761728
.7037024939228732 -.9312733114296774
.6256711073770824 -1.1173155054426025
.6559227388115902 -.9706438697192938
.6110656352554493 -.9723433965136101
.5009329506008977 -.8260360073549696
.7464750640773967 -1.130898692525668
.4510531177695918 -1.036548669265558
.5028575106946696 -.9663754412520894
.6256477325183359 -.9020518138095994
.6422050775082914 -.989934457901415
.516753144166001 -.94404139897252
.8184475598909922 -1.0689639673393467
.6746721643915187 -1.0115514820318456
.5218182824735808 -.8178941983427386
.5542514706106936 -.8141024544902253
.3976530427107211 -.9752966923946977
.5759067076859852 -.8531752438315839
.45856868454117466 -.901630608447971
.5284120848098514 -.9551493149686265
.5579889474832329 -.890668998330509
.5944370688412774 -1.045801348844053
.704756366056942 -.9735096809642381
.5949630591506514 -.9927067003141097
.5527032540374375 -1.0710014003701143
.5787517397351449 -1.1487769649551745
.5653367211550848 -1.370519321916127
.6289867314696399 -1.0248148831490203
.6848560858502873 -1.3289922350697483
.7245736705374826 -1.1288294087105144
.6128157388418398 -1.093820455333731
.45267760291093617 -.6855440226661114
.4630384578532246 -.8875464866541396
.4720542012696892 -.8573899649298613
.607459129591229 -.9738940486025623
.6667111538458699 -1.1935364201207523
.5865566535258842 -1.005581326802113
.4875159118459357 -.8692222416522906
.8430460953452781 -1.3143874156280893
.765782452253466 -.9582095964878992
.5266569512491914 -1.0614933065059138
.4955894343533012 -1.0211668074313571
.7499104570324151 -1.0493301423110892
.574503271205999 -1.0048684673617736
.4162274301929899 -1.0494439570700171
.5504607085735186 -1.1225745940288634
.6099355608352183 -.9911438122391663
.6422337803358465 -1.0220683739488934
.5248281247779415 -.9989247358251983
.6234330362197006 -1.0084585122314995
.41879512473361036 -.9267644780245113
.5865189305059563 -1.0912785683922614
.5859522989550384 -.6912419711192583
.6796107070934166 -.9779001592792325
.7890603701649522 -1.190518025408843
.5219139545779318 -1.1343230439318115
.5786830016493605 -1.0331261391772095
.5786629900202598 -.8325650464549421
.0063103758082334325 -1.3942734499244962
-.08513646428662675 -1.1472255282593395
.01498468028795228 -1.2450670420318828
.008914435036387466 -1.2628501768372375
-.004499986507116752 -1.1740099948990952
-.012651982407840451 -1.261134752035315
.07346643810773199 -1.2759311706499912
.0380244868863558 -1.297457458903452
.030541700110274288 -1.5113135588145652
-.13075433329739056 -1.3194994563929643
.10069867101955558 -1.4300930637142073
.11792900829964063 -1.1880281960839145
.02793994775653471 -1.2473798694202318
-.0374407451093633 -.9852354526495124
.06851740760117558 -1.2759973501511777
.017672473140093396 -1.25879494415573
-.07252201600446445 -1.5302148193060696
.07756518751123842 -1.329655112071604
.025901199228793588 -1.3417982804485487
.008832440371046931 -1.2352231983155595
.061389235613728936 -1.4308299988242603
.008231876145061278 -1.647884895297759
-.020051996738125622 -1.293009158239228
.08620038397542715 -1.3913276320995351
.16415358976024844 -1.0337671080325788
-.07690919190269944 -1.275867239236089
.11061064004758235 -1.202749385719696
-.004714202316794836 -1.2750980491003836
-.08740502676897881 -1.2956522074531198
-.03079935638761373 -1.4455178367526542
.024281024626581726 -1.3027945762714876
-.02330810806323287 -1.5805909599535413
-.02708819879349966 -1.0527420888224082
.05925030031711407 -1.31489213694613
.11013230486962733 -1.2185872529427377
-.03153952785381598 -1.262713836167692
-.044089820743472896 -1.2015156150872193
-.031105296931712857 -1.3121412663573873
.01235763302593222 -1.3757217023342576
-.058554648190803964 -1.1698904943363955
-.014698542557258873 -1.536161423769353
.12455695380551435 -1.0550645673386767
-.032984249563566125 -1.298168659656788
.04684144164871698 -1.2550730892772155
-.028889248063496346 -1.453392313032702
-.0012078067778936317 -1.5614276535854457
-.060977069617014656 -1.3596272553651179
-.054338564801576825 -1.3947752437217886
-.015270458753754672 -1.5360550091643734
-.041344938354214426 -1.2476227228541361
.08941216490138273 -1.420646398715441
-.07212732737965909 -1.184557966750368
.00026678045531841095 -1.7167482258269207
-.08944729449679031 -1.3974615187442418
.040675888448509924 -1.5523883818553326
.0584065011539329 -1.5410239174229228
-.09456028982166352 -1.1186663948733824
.0715709862498173 -1.1525615119660275
.01423739328303026 -1.4152352410571223
-.11533035430609337 -1.4639811888409877
-.029754940359966085 -1.054526107875722
.009209098490217251 -1.2343188101210727
-.0633218446246336 -1.0720774967477762
-.09666526465197035 -1.374824889456097
-.07483131213540653 -1.195765084114778
-.06627544257844671 -1.2019414332024978
-.16850718074016305 -1.3269609672330884
-.054107938449067264 -1.1781775406168817
-.07532162240290144 -1.1354111295814127
.012326243889875459 -1.304271942879892
.09684096469545278 -1.1680387180437088
.0005913858197187741 -1.5479014152288149
.011348291170064683 -1.2498239177168062
.0974114689130753 -1.1104554286743933
.053893607264520735 -1.0923433874641886
-.050137389025179516 -.9667294504150274
-.028533828076560467 -1.1033210525738495
.05264786768596467 -1.339709823828097
-.07016408398983352 -1.4346975603289411
.08575724646851145 -1.2427493634961195
-.0019731463728948806 -1.1216513324376534
.048950348041497796 -1.3957263772757509
-.1329548093158513 -1.3688016870492692
-.09508196036764004 -1.2313482028158913
-.06183803092462691 -1.2098346948649534
-.07498675945347093 -1.205853302400039
.08377274332988964 -1.261997203107622
.10066483245211914 -1.5925271419156652
-.02598357340368997 -1.4341274372795796
-.036694808121332426 -1.2946656241035814
.07639890284760459 -1.3833881671019688
.06059690500244263 -1.3980683423840858
-.036620435573214684 -1.4421909897181813
.09090036132858516 -1.311657956206408
-.12874347018318774 -1.328196870598931
-.0456739011920262 -.9859086351502357
.13401284362996224 -1.1215232693252162
.055603110297032396 -1.3614801766524254
.06246352213151402 -1.2784850692725571
.00867864442402656 -1.5648388167342753
-.8513827951609865 -1.1482676761519626
-.6592005996851313 -.7399160602343603
-.42513191573129294 -.9618106898640908
-.6272435804076723 -1.083243481612124
-.618580898759567 -.909614975350338
-.4833286524160681 -.9652765023275108
-.6063530465494114 -.8364170734946592
-.6263899749441935 -.8842674961852295
-.6410447767856542 -1.025933776354197
-.7097619182573167 -1.0725865223325461
-.5035252950342273 -.7653957867374985
-.6440553231793735 -1.0402703110299554
-.655988070013624 -1.038383880003669
-.5657942420733784 -.979880230615558
-.5669937354975164 -.9496648323729646
-.7924842395334694 -1.228137990318173
-.4761840734092303 -.8616938388684741
-.48035831166660403 -1.2404222192137593
-.6543288435309395 -1.2868005115497123
-.539708896388338 -.7779372797159922
-.6329936561101084 -.8569027027831972
-.508523110009368 -.9267576774645663
-.6484096312227732 -.859874958676682
-.5682538378815291 -1.0381216577606187
-.5711525904904252 -.8140445570345096
-.6183382304127291 -.9751548422030132
-.3944478318540392 -.9300988974008263
-.46733363295059 -.9612214434291191
-.5764170591221681 -1.0345825909040005
-.556956152003868 -1.0596877496633728
-.7554973633348422 -1.0978381112740025
-.6561100989510056 -.7548471960664311
-.6863520542964842 -1.2225768668007164
-.7569617619779907 -1.1212993572152639
-.6624036325546918 -.8441708647200113
-.4604548433627692 -.8217616552812965
-.6463727123270787 -1.062401440785002
-.571178423558106 -.863986867760336
-.6125770219563624 -.970946120480119
-.5180999984239599 -1.0555593240209578
-.5978462887486818 -1.025152861087368
-.6692091733808923 -1.061455264903906
-.41068850539236 -.8598578711886309
-.6642900955655004 -.8123010539313138
-.49957370039855675 -1.0564953789128142
-.6564120672474194 -1.0631919045166887
-.6661250221283691 -.9896062213181921
-.48007631882402224 -.8908588911456834
-.4286591750023565 -.9718240332055792
-.5479270312159931 -.7739997574403549
-.660566468393587 -1.0174519303468903
-.6334073679012172 -1.0830543105556352
-.613263353626336 -.8254036298911256
-.6606408179242012 -1.1341674266966768
-.6804781982055919 -1.2352997655521494
-.6417967319310195 -1.2746348951615951
-.6862267800231987 -.9583371262618587
-.49317737699949826 -.8525098162354668
-.797845250184579 -1.1055575128631945
-.7757333161652 -1.1172989309961574
-.5854894359400632 -.8362360092018774
-.5901562940442783 -1.1202638841592552
-.5267506314566065 -1.088593591858693
-.6943765951329918 -1.1322746574747669
-.5921045578201546 -1.3458000507869485
-.5908542438926342 -.9687149310550243
-.48587072685140553 -1.012145723536857
-.6330178676586102 -1.111334193958394
-.49827670308712296 -1.1257256720558344
-.78462302935295 -1.0306687539025803
-.5567890995466653 -1.0263935503375352
-.7894096332355333 -1.043917201240822
-.5306442882627651 -.8763440214064364
-.6639573236688823 -1.0519503221686313
-.7558920477333376 -1.2821619628784655
-.6154917243631431 -1.2349346846181772
-.7685578609823501 -1.0464675946166142
-.5112497747431561 -1.1873553640709436
-.5472687014448813 -1.2540119037222544
-.585988528144881 -1.0707773486111563
-.7839047429811924 -1.0502207321652202
-.3714960195176693 -.8382446112051332
-.5954911912492669 -.9109175728437363
-.6947670548572854 -.9426259051757028
-.6633046109594488 -1.11015199801318
-.6228206498488017 -1.1136329493508785
-.427134060138669 -.9569119316362218
-.6892250577217238 -.8880965607780673
-.5828652614972193 -1.0200426552844715
-.7024702385528068 -1.134544561336413
-.601198880173645 -.8604530028210139
-.48783993075311527 -.9970621495748209
-.3511648972471999 -.840199965217068
-.6775739632438108 -.9773514179174141
-.44840574089233104 -.9686872289098681
-.6885245611268302 -1.2123393840911656
-.5050591465801089 -1.1322255127034464
-.7118511994059435 -1.171695060627382
-.5573173809582124 -1.101724757728338
-.7285098316550963 -1.0431468762731482
-.8472557394029684 -.6761572844339463
-.8733392013219416 -.5169096185717539
-1.0755083065132627 -.6709713510999106
-1.3279636386257383 -.7519510014724151
-1.038362784777933 -.6618476850446248
-.7388966512123235 -.42020961945298063
-1.0747676444225047 -.5372901776031684
-.9848613658602461 -.6672981013080884
-.9026759374513829 -.4851238997723824
-1.1053002052950098 -.7147835252931352
-.973584083380781 -.5884119350971346
-1.1840346026081616 -.6009698810661764
-1.0873219269935355 -.6265844472250991
-1.0802733785920158 -.43939691133760206
-.9386933080146577 -.5604481126928063
-1.0809251938053581 -.7256134275689088
-.9200932081685325 -.4285055058582338
-1.136184617444438 -.5694277335387844
-.9755066366506736 -.6361795834889381
-1.1550566079568623 -.6498493875433212
-.7509750196435743 -.5102497523935406
-1.0927736295134904 -.5833088322036762
-.9336878157412711 -.6073773799710821
-.920200811628747 -.5400032680319905
-1.0156428670376056 -.43548831875836275
-1.0186194692343384 -.5906919587410385
-1.0324629197324473 -.6312879028981933
-1.1571042550248916 -.8134882263217069
-1.0295469325381794 -.5136389128577913
-1.0845947050413003 -.5539627281454211
-1.2004258076746135 -.7137202156898225
-1.043147609235167 -.45027985008731863
-.9527179844038465 -.7355163504370873
-1.2422385798433537 -.6304285905015695
-.9876991853113729 -.49544766258492706
-1.1735118521475012 -.7353912202740007
-.8938997910921537 -.5145869351595149
-.9830878857925259 -.5277827109133766
-.8701756517268638 -.4072495843924917
-1.0907181493591152 -.619583775279318
-1.0488769960634743 -.5606610355002262
-.8515406106898007 -.4898154362295069
-.8859788288338916 -.6034586889126338
-1.0935328394022987 -.4685764657639573
-1.0612189419054967 -.5210937066445963
-.9801835374239699 -.5797859281661183
-1.2176157340194769 -.7518409375127884
-1.0356654059774015 -.6811352024475195
-1.0474470991348872 -.5237914691283873
-.8592342712052566 -.556416693730672
-.7381114677156293 -.4329767279791259
-.886362884862687 -.468700512339679
-1.1208318649081086 -.5554060366492933
-.9593434082068828 -.6153868165379994
-.9326646312053561 -.5947230609119354
-.9525950159305484 -.5169647838054117
-.8813197194396332 -.7280761724634043
-1.0548720584449323 -.5455159860024151
-.9934351623286832 -.62667085889719
-1.1065535580293855 -.652827390075788
-1.1468641357310767 -.4787922242917493
-1.1293039438875283 -.5606197651779392
-1.2370436540461147 -.7531439372638574
-1.1013341144876747 -.6669521875284575
-1.2692201140926829 -.7164193865819904
-1.028438423703568 -.5875008947107839
-1.3134304234382839 -.5792343850431908
-1.0131795186535055 -.5053189745429405
-1.1963837909801343 -.7434460074395466
-.9851195018326109 -.45521519438105756
-.9415413843403136 -.648404307255827
-.9514449385233918 -.5503883438378326
-.9440765457032017 -.5395669414418803
-.8908970224673128 -.7375732445887947
-.849571749867581 -.5840642182696518
-1.1787871576768847 -.6566265917914095
-.9519756581935739 -.4858225790397865
-1.157638797704959 -.5960350534289183
-1.0774502875809977 -.7080922297644094
-1.2051755575252014 -.48333797582562843
-1.255723268303685 -.7524085925959089
-1.0323103432818257 -.6600292798020004
-1.0914691278459054 -.7574181833820661
-.9004503958560015 -.6946956118268742
-.6336714146929976 -.3768774868511686
-1.0187127069247182 -.683525774208565
-1.2376518698369205 -.6178045838030275
-.902088883337251 -.49868372743486994
-1.1516489431902452 -.6541502129234036
-.9621483200281634 -.5307167825163449
-.7853114826354086 -.4351636757148399
-.9564674682109158 -.45819475050743963
-1.209216749169301 -.6762359356762648
-1.1861132144897675 -.6475368782116363
-1.1260640214925508 -.5596685395218044
-1.1137365215739377 -.7350832990635638
-.9328902271453446 -.4220827394030099
-1.151634878195622 -.7476234759882178
-.7689894159615057 -.41768165625731085
-.721558205848507 -.5921412509731752
-1.365895931449653 -.03439188580944071
-1.550063902303267 .09541725819481685
-1.1643083082724712 -.05615531615914727
-1.3007299540696187 .07272011977825506
-1.2420022110701192 .003266546311732623
-1.386798855584503 -.04861516755943758
-1.408061514133162 .01409032073207856
-1.3484222129081525 .016024644162572446
-1.2904658064665222 .029331013872822154
-1.1916777460057568 .06270352621670536
-1.1834753981125095 .010634315958608236
-1.3603473431992699 .061807497078862024
-1.3144730035588363 -.01336812824569034
-1.5108425409392807 -.08017726533208334
-1.3077466540965497 .02412539834907096
-1.1256144551884604 .014516436454543874
-1.1621630700702597 .19531832245214567
-1.2717833286910432 .006574777648542204
-1.3513888083081824 -.015818327993008138
-1.2620628902775521 .11915101496532661
-1.5138140407281697 .05461567686485566
-1.4600614716677618 .0922068559696123
-1.1191410732763238 -.10737778478728469
-1.4937293951818595 .02051391906034822
-1.192802199870138 .08208781509512796
-1.181123994936857 -.17134441751475316
-1.2268560967362654 -.02715139588368221
-1.1067380624291698 -.07052661474376269
-1.2246595746635391 -.03027406288512691
-1.4394258825419202 .011213722667362848
-1.4407721907443147 .03349196173063582
-1.181406013111991 .05369214362498867
-1.296680033922255 .02083881372810851
-1.5929006301848085 -.01179954413091922
-1.237784810418429 -.07082391328852834
-1.2030881028924438 -.05211449002882952
-1.1724496582305306 -.055344043451399975
-1.7283364651015722 .034866812558381866
-1.416767448928602 .06815780003186139
-1.5385083637691914 -.055973061503548686
-1.5059316759648802 -.028067972030511843
-1.275887792668083 .10273047652301578
-1.29617081699029 .01071817011417681
-1.5443052526690177 -.15025696855549908
-1.4990306420227666 .1177938209174305
-1.1788841367122804 .01274107430766766
-1.4211227060988285 .09338264366949306
-1.193637093463936 .03702506225913616
-1.2141445724779825 -.00883286252457171
-1.34832769514684 .035639101384462045
-1.2577396402313727 .13393705860173463
-1.1262528089335697 .05189428760546745
-1.3245189189346085 .12053655305702705
-1.2539531315343577 .06142442136696852
-1.2198082915146264 -.007925476081301118
-1.1095948575024293 -.005123978257279209
-1.1914461100800655 .19007160838642803
-1.2489172301897526 .08483876446593816
-1.2815987473106663 .0415150907597101
-1.3184318849476955 -.07787677415868914
-1.3052027931948118 -.0599878374947651
-1.2682724660463964 .02187311511859203
-1.2196150041988731 -.058194804930996595
-1.3545305018634262 -.06401637907324433
-1.556899970756868 -.015964083780854434
-1.199288318249849 .005587804994472728
-1.4763455345762764 .06573521181835254
-1.4037422628941798 -.08217029936321557
-1.3172843239942613 -.01906397986840198
-1.2965232470797288 .002467318038891912
-1.1525623901643094 -.10493402470685105
-1.3443333342404762 .008243287831368094
-1.1104732678524372 -.06337441113192203
-1.2566761001470959 -.018195150204848517
-1.2403992932249739 -.0305089728121606
-1.1321068065729385 -.007270002566880537
-1.4532171216047145 .05026690991283271
-1.1378672949051782 -.008425185086868984
-1.187359593880821 .08391240979301003
-1.3566512136622288 -.040146493869983986
-1.3664747900464818 -.02652108388048594
-.9788045837952349 -.037813459289839604
-1.5506667419498397 -.0012952667314705436
-1.658183943900913 -.006861700435660327
-1.3066747135080428 -.05106596897175183
-1.3378050496274343 .002859078312079018
-1.342415101488919 .040985569352599824
-1.2610155192722483 .02560639984466225
-1.4177949406396648 -.011264012004203398
-1.265250349649337 -.008398153211176955
-1.168882483585867 .04514836274929345
-1.1043956366557544 -.06798396610118984
-1.1557681272417035 .03684012410279233
-1.3496989151287746 -.04519868310299621
-1.195478218886339 .13376465443025337
-1.4660051250074573 .022502887444964013
-1.275956790739842 -.04804739977116194
-1.3715274727860078 .06001558781027493
-1.3755703880239158 -.06024946609985733
-1.208312406959796 .09620476287443552
-1.017456107371228 .6130916716620568
-1.1232681999252412 .5163386632127352
-1.0350431298376126 .6155312816219083
-.977186280655731 .6901823103692648
-.9013953095592718 .4119760822838605
-1.2067002307018446 .5338406319878547
-1.0591191711330359 .5902989814433385
-1.0770615432092245 .727748476700335
-.9030823027902621 .410627938830777
-.8312445133667783 .5990429562321273
-.973074102257439 .5396590396436521
-.948919937502911 .588100916767396
-1.1975644560497636 .7230940952966176
-.9826332259535095 .624821000038603
-.6885946513376944 .5746506023098571
-.9760521017690469 .6574608127977529
-.9588443751838847 .6094498446706708
-1.1924398030889285 .5502634604411635
-.9568615154069005 .5577735410723409
-.8794039295954 .6741352089809202
-.9532662703295901 .694839595693352
-.9362384913124139 .488169685075982
-1.1139112765666355 .5558395149154703
-1.0083610710206312 .5595764348769265
-1.0271195557144661 .5900629422777918
-1.1343180441747442 .7009508427494291
-.8916308720945014 .6496998376133041
-1.0596147681418415 .6020837087531773
-1.0745218442413549 .7974495096636067
-.9156024874166276 .6334190739390199
-1.0989909704345053 .48247683030304483
-.9242722907760682 .7099861213373422
-.954639149298029 .7057451898300597
-1.0207113448809826 .4911820885498198
-.9932593536591428 .6022808180353242
-.884031769793719 .48013552549937344
-1.2455076519867012 .5873496038310948
-1.0533285112261312 .7306044198371979
-1.215221094023365 .7825507266162978
-.8964414266702414 .6240679184468049
-.908720393596283 .6275094624131569
-.9762281401280672 .7222029274416278
-.9626002714630025 .3658583005298077
-1.0421354633519286 .48612778497589704
-.8371550644791643 .4902870317537654
-.9281782928890019 .4829730702084176
-.7690914306628488 .5977855430821646
-.8598613945999446 .6371358587075219
-.9547871047082417 .7372378752813722
-.8691349008713223 .6937900849318166
-.9384610860701812 .6186049899549241
-.8537993719132717 .5630100292833855
-.6665780172241109 .6464499513785501
-1.1028653279124123 .6678582008478859
-1.1003109132269377 .5278020776098988
-.9309667785347202 .5603498450825294
-.8975147685475307 .6365516015624194
-.908541500463312 .7301566659614593
-.9769569542835439 .552430647375516
-.9047553624679001 .6786644110378149
-.9723079742599554 .5540506775990574
-1.182122987963852 .5903683977754144
-.9246532405768815 .5903941250773256
-1.0071306750784061 .4006872990500021
-.9865183597551413 .5239893080202619
-1.057828550304435 .7318845759854593
-1.0782428560997968 .7389564739203256
-.8413542264085201 .41984057628608046
-.9974624015164039 .5689169791531233
-1.0798673356152932 .5643072445692074
-.9376800308837901 .6837114004361659
-.8997830494342257 .4496719987242158
-1.0400824963474402 .5469989323382244
-1.0054229289692296 .5819445513155416
-.9697703003731954 .49400841563162184
-.8137131314995489 .591905525346748
-.6894088205827796 .4428787840876396
-.8884016020161792 .599005149933641
-1.015519581459615 .6524004172745365
-.8914227967181191 .5803750400903337
-.8301874900417854 .530270950075445
-1.251516091808344 .5972135887127934
-1.20449392066544 .7913256209727919
-.911416241242659 .5972264377973616
-.8469347974006607 .5551817738386225
-1.261617863132272 .7459058197524393
-.7552760348989991 .4943300373019909
-1.278343457334677 .5428718459258577
-1.0145453648577054 .6311791130780543
-1.0601215403702877 .7306229954215118
-.831987237970696 .5444585712249812
-1.181574854883854 .8479315232412556
-.6896318638841538 .5391701110667037
-.9283426958997247 .5332117630706813
-.821088224689966 .3789299218352137
-.9955604573288854 .5702831368557026
-.7445982946126439 .5093438070744022
-1.048149020979438 .6772431364072679
-.9804450819289313 .5818297039683108
-.9581930673712017 .5502110377529443
-.6334396567717344 1.0179341992654292
-.5586053547204379 1.1753392569825076
-.7899533979669785 1.044128447047803
-.45770774497546696 .8017885581217247
-.5825927917787697 1.0100843554474623
-.5458710890039297 .8784295020816053
-.5412779223696725 1.03712318882448
-.4896267256322288 .8763386517734648
-.4443532784038286 .856427885641092
-.6356014287646629 1.165050859488864
-.4501352064380306 .911649831963727
-.5480029783934702 .9657257884357665
-.5872111062772412 .7725806194494399
-.5078992440657883 1.0972789549264659
-.7591212427714781 .9925382357495643
-.7260460058795949 1.0509335994402942
-.536181558606247 .9076913280026747
-.7926725941510839 1.0601462276488405
-.6871677572653749 .9478581673322982
-.6117104313316188 1.0045473937087925
-.5693869833741377 1.0927898981064241
-.44334867909352726 .7962127340040553
-.4320704821808068 .9634960388741622
-.6287099126639004 .9517916623039626
-.39845528391441487 .8280314763612805
-.584357278044334 .9166426309248548
-.641387518532777 1.115548347695083
-.5481688622604876 1.1581997636233479
-.5178597377594347 .8733259155132341
-.6981473345713648 1.2766342637325487
-.6759178429133351 1.2228872861676254
-.6675723886799271 .87155148364661
-.527776359756315 1.0615307475070004
-.773248039610926 1.2281852225794199
-.6927017132010571 1.1162979884008986
-.6877268758027422 1.1410570424461532
-.47697942103297397 .8283909350179615
-.6160391789788823 .9001534262715377
-.6838737534598085 1.1721003148953726
-.7027186348601558 1.0104556476868205
-.6830885695612898 .9915259395048411
-.6076089594668388 .9271149710715068
-.7044607530045717 1.1458195865224743
-.5275682034899214 1.1736424205194622
-.628191629009038 .9559573960278767
-.6132648685563168 .8805735283008758
-.3553651941077443 .9400720061869363
-.4810768312153382 .8728230804066544
-.495415303920476 .8942779846988956
-.4698749245961009 .7789812829219567
-.5908662151381754 1.273459378157756
-.46556730207515423 1.1781531422394427
-.6444235419219312 .962786026050435
-.6271197361957555 .9167426296764948
-.7149843292643001 .9043338118772302
-.5709122099952818 .9001215510321052
-.7357062480911694 1.24962686600638
-.6080400480661018 .9946831920463692
-.5742876163945915 .7159649352705252
-.5570642448853871 1.0236855975436443
-.5561906023611968 1.013993408615757
-.6564798186391695 .9574396220213398
-.7268738129492274 1.1792774669328814
-.4259611067392426 1.0746678854575036
-.5363393204143957 .9367525733949533
-.6006632049594914 .815690909044835
-.726277370067453 .8960237744031344
-.549740518533453 1.0941804958600139
-.6477127804430627 .9372920067239021
-.6832425919984865 .969638028316675
-.43260960532852644 .8962934496053455
-.6085490521186887 .9662881238562513
-.5258487702879782 .8962344591377934
-.5656467658651988 1.1807030513659573
-.5339852110090525 1.0943342746614284
-.6569653462617407 1.4167110660185207
-.59547794337085 .9061474440045879
-.685585222114315 1.0830480288137878
-.628971160446823 .7849067936148919
-.5211022117851328 1.1158893021026346
-.7572093347537227 .9917489431793549
-.4604073121738829 .7712214602272504
-.4638315765115612 .7786971622899587
-.6693672588061953 .9366309595089648
-.8184821541405181 1.0849824572342592
-.5005703933646357 1.1197750715490258
-.6734635881526619 1.2088940022229144
-.6023826454193395 .8541842206473141
-.6130762206079018 1.0623739322152275
-.7934516698855207 1.0405175741402373
-.7939732465495705 1.0377603176558816
-.7033369158622335 1.1364678200706986
-.4798667893454145 .8045738260377397
-.5747034774939003 .9738811827380452
-.7017666422852749 .8365610823078513
-.73827089949223 1.0847618039610134
-.7695598569641269 1.1078757968262503
-.7559013874077766 .9523448057974984
-.795342808628984 .9945420779538945
-.5856752517568649 .7606798785410583
