-701.1535656
-359.3965169
-182.740254
-186.499291
-4.4131085
-221.8639016
-1274.39357
-985.0594886
-1017.203549
-532.6866026
-1377.025005
19.88837974
-756.5000189
-9.443238419
-1511.421984
26.21548222
-57.40052186
-11.28182109
-268.2289779
-1304.437671
-627.4358639
-1373.137604
-295.4720173
-290.4246533
-122.9506201
-297.3084566
-16.52232617
-195.3796792
-6.607552458
-222.7807892
-482.1720679
54.52671048
-337.0443357
-61.63831317
-486.0214997
-840.741935
-342.3528671
-142.8927124
-139.6305725
-483.2234569
-483.196978
-253.0864408
56.20418544
-296.3487542
-9.573342924
-178.3871666
-171.2550275
-251.1852308
-258.0165822
-565.1325382
-289.8708694
-344.5935076
-282.2058922
-248.4429205
-113.8765916
-267.1604182
-214.5076582
-179.3060291
-277.564266
-289.8708694
-114.8895893
-270.1719229
-300.2141546
-313.6690129
-8.990509635
-283.7525171
-248.1145699
-1011.622674
-249.3204263
-70.18037084
-481.9539168
-296.2765186
-13.34086453
-330.4277585
-535.0339403
-253.0792253
-161.6455748
-267.2579891
-5.63731224
-226.0489975
-300.1720408
-303.2656603
-115.5420572
-484.3611002
-193.1162539
-69.73045691
-353.0707588
-494.4092815
-575.3757526
-286.0047434
-580.8670553
-498.1438774
-136.0235204
-489.7633293
-14.39185026
-411.5081609
-432.866309
-344.6096827
-95.28640981
-268.7799754
-176.7246686
-292.0697414
-546.1269825
-69.7738163
-213.0955691
-270.7270859
-211.1026356
-190.7487022
-870.9992091
-314.0679143
-488.1707701
-290.6507234
-271.858342
-892.5311436
-86.84892384
-269.2767033
-394.2398674
-158.3256469
-530.4915281
-558.1545846
-244.1526993
-571.9978663
-134.5660222
-339.1273761
-431.2508541
-843.1343609
-167.9573645
-270.4282576
-285.2524323
-272.6309317
-13.45095071
-182.3433385
-212.2056253
-69.75748371
-156.1822211
-126.2611929
-8.029345195
-9.569247752
-208.1275923
-688.7543574
-114.5116358
-277.564266
-245.4957348
-12.24131111
-128.1362769
-176.4490566
-141.5915353
-1031.635681
-1040.615709
-480.8371412
-356.4781977
-498.1069324
-226.1242454
-300.9469154
-280.6984075
