-15.99861245
-468.1883412
-695.0780834
-735.7305359
-1106.367781
-1233.452886
17.37531008
-11.87169308
-233.5843095
-117.9874993
-224.5778386
-636.9275412
-1089.832285
-1099.543589
-477.0249669
-279.2410047
-451.7031825
-463.2207924
-1004.331809
61.2182953
-292.3723715
-581.5108309
-100.5221515
-202.0236095
-1095.080006
75.70589291
-86.81884288
-244.1021916
-8.827488336
-1028.44934
-510.029801
-10.06722282
-1090.054269
-752.0899505
-145.3783023
-850.4784031
-520.3814052
-298.9448927
-802.0500029
-188.8677415
-249.6546521
-1009.804894
-719.1256521
-190.2774813
-156.9484769
-114.4191741
-7.078800264
-166.2614006
-1080.65103
-149.1011808
-469.7833049
-505.601839
47.26069047
-338.4926252
-6.734220453
-98.50552295
-577.810286
-452.4671428
1.624791927
-374.1164602
-296.2553858
-108.5996858
-268.2542867
-159.3284475
-236.7273326
-412.9567158
-513.6328704
-291.251252
-244.7530136
-301.2030846
-319.5668933
-257.6518524
-578.413517
-278.6166615
-248.8439422
-308.6396658
-294.5892966
-582.5888776
-272.8790053
-579.787359
-138.2577871
-291.8468964
-293.8829908
-271.9928239
-318.735029
-532.2349205
-151.8273745
-252.2751067
-116.5367525
-214.1860369
-160.9683472
-536.0161999
-115.9555787
-254.5996503
-245.4904533
-189.2548181
-210.454367
-115.103624
-494.542377
-307.678149
-404.0548846
-87.22316501
-184.0659075
-299.070847
-585.6071473
-281.7795869
-246.3814453
-599.001905
-241.3845273
-552.3021638
-5.223066652
-141.3255008
-8.191897104
-86.18587759
-462.1075552
-126.1005929
-308.8050286
-176.3344491
-284.049202
-298.8491399
-353.6786967
-160.8595972
-259.1789517
-217.8860888
-247.4591061
-289.6090055
-257.7339694
-151.3616535
-87.01996223
-205.965241
-286.9523254
-290.7871963
-593.1884639
-11.18144185
-170.2369101
-18.44197291
-272.1741476
-291.9121373
-284.3375632
-231.05282
-285.1041594
-115.3528581
-303.428644
-236.8774221
-540.2501326
-280.0216848
-513.9512062
-283.876866
-151.6519204
-268.6597683
-9.626466436
-546.9417396
-214.1790742
-570.4969792
