-472.9048757
-1515.87847
5.07307445
-413.2896035
-1152.701113
-1153.216854
-138.6752551
-452.9293782
-138.4414227
-412.4122487
-263.6429677
-231.4866599
-292.9770424
46.27422942
-449.7160133
-16.68955638
-81.58579546
-941.2037278
-81.69226615
-224.8389401
-583.2521007
-407.340963
-657.8639136
-231.8545981
-262.4192419
-455.6412056
-497.4187824
-589.0360925
-800.3392217
-774.2695162
-355.945776
-126.2611904
-421.5713116
-301.8060191
-212.5656529
-290.6507234
-220.8732391
-1077.442642
-529.1856131
-444.2449676
-102.3333305
-207.5749911
-464.2059026
-278.2190483
-369.1866868
-16.67819552
-424.0419306
-881.8939203
-498.8356975
-773.8370166
-286.0455668
-476.5535109
-86.88049992
-269.5461957
-249.3461316
-744.4736154
-421.3852732
-289.8708694
-500.3184978
-216.1804294
-430.9455865
-363.2453222
-190.1063462
-396.9971546
-86.43193279
-229.7084018
-627.9118701
-289.8708694
-732.8691538
-755.8782362
-379.0982724
-111.6224723
-569.9157452
-644.4566316
-10.6995463
-460.5559483
-15.28459546
-126.2611912
-442.5949428
-92.36086642
-782.5645675
-220.7662565
-500.2068486
-520.9967766
-546.5342604
-298.7311594
-289.8708694
-576.7728014
-13.78509816
-110.0233957
-367.5361229
-343.9711329
-554.4737857
-307.0191983
-96.97697026
-296.5595388
-390.2318466
-128.5941462
-539.6616198
-214.1404056
-283.9515368
-267.9245289
-578.5275142
-318.3772529
-217.7705295
-280.9043151
-54.08301351
-370.2359741
-230.8107863
-342.7016209
-256.4283453
-324.4666315
-155.2911591
-272.8302038
-158.8947262
-203.9239451
-61.89550753
-217.7705295
-417.3900228
-431.2473813
-584.8538492
-282.1073286
-587.5258806
-299.2858351
-8.906075628
-203.2349029
-581.0013021
-114.5372857
-251.5168174
-63.0775442
-86.8255579
-15.92749543
-548.8637721
-579.2545649
-301.2477299
-222.2671073
-156.1509281
-14.88493131
-119.073388
