-1168.051556
-473.9509692
-362.3224657
-1399.405754
-1369.174769
1.202796876
-1243.663962
-256.0452467
-1427.741018
-840.2452203
-579.7473172
-9.098479989
-10.26995909
-856.4838906
-181.562197
-6.651552684
-450.4918576
-1177.794638
-685.2156876
-151.1523217
-630.9061323
-619.7653953
-312.8677575
-578.9311796
-341.2504265
-697.170486
-294.5149861
-229.9189298
-496.5223396
-332.2774381
-756.1130806
-356.6307224
56.24584515
-210.09057
-366.2857476
-371.4484162
-256.2761264
-9.110051356
-474.3145822
-681.051951
-680.8075189
-618.7665444
-574.027277
-401.6371982
-370.6904091
-768.4091294
-1230.67378
-284.5902871
-559.0723386
-1318.179691
-539.7992214
-311.7922366
-311.7763324
-298.6837894
-90.16969203
-349.8282577
-9.651548214
-876.7164064
-401.7952197
-644.2014563
-920.9998049
-608.2637425
-235.5577669
-873.3028569
-92.74953237
-660.6771151
-294.9650095
-573.4874116
-606.9790063
-1331.760078
-305.1625395
-277.6234366
-625.5845977
-296.9563303
-190.1063462
-624.1645701
-296.0152278
-255.2205988
-589.9814808
-151.3460891
-403.1705987
-249.192326
-418.2847461
-190.1063462
-223.0363701
-767.5483679
-208.9811187
-198.6616533
-219.393193
-248.4354433
-267.3116222
-95.72284339
-545.2667769
-430.1426851
-431.637849
-165.8131863
-258.3017878
-210.2789039
-211.163365
-119.1824812
-299.7767703
-434.223062
-59.41990233
-251.8503235
-158.557952
-245.1776178
-256.3042064
-261.5015442
-119.0733875
-283.5151421
-289.8708694
-524.4731774
-125.8972426
-161.6455748
-243.5606419
-503.4515562
-345.8359369
-8.778982039
-503.96182
-298.3509257
-168.8727037
-521.7393517
-386.9266725
-59.65343487
-301.3665499
-312.0830225
-290.5161261
-177.0141467
-210.6999704
-590.8887831
-13.09742102
-8.658706257
-8.124512848
-358.9547998
-297.3919838
-319.1126065
-516.0713353
-156.0444962
-61.86042075
-157.7296713
-156.791595
-503.8667581
-284.8200509
-142.2541987
-281.9408585
-543.414272
